16 13 109
1 1
2 1
3 1
4 1
5 1
6 1
7 1
8 1
9 1
10 1
11 1
12 1
13 1
14 1
15 1
16 1
1 2
5 2
9 2
13 2
16 2
1 3
5 3
9 3
13 3
16 3
1 4
5 4
9 4
13 4
16 4
1 5
2 5
3 5
4 5
5 5
6 5
7 5
8 5
9 5
10 5
11 5
12 5
13 5
14 5
15 5
16 5
1 6
5 6
9 6
13 6
16 6
1 7
5 7
9 7
13 7
16 7
1 8
5 8
9 8
13 8
16 8
1 9
2 9
3 9
4 9
5 9
6 9
7 9
8 9
9 9
10 9
11 9
12 9
13 9
14 9
15 9
16 9
1 10
5 10
9 10
13 10
16 10
1 11
5 11
9 11
13 11
16 11
1 12
5 12
9 12
13 12
16 12
1 13
2 13
3 13
4 13
5 13
6 13
7 13
8 13
9 13
10 13
11 13
12 13
13 13
14 13
15 13
16 13